CLASSIFICATION REPORT
==================================================
Validation Accuracy: 88.90%

              precision    recall  f1-score   support

           A       0.97      0.94      0.96       600
           B       0.90      1.00      0.95       600
           C       1.00      0.98      0.99       600
           D       1.00      0.94      0.97       600
           E       0.78      0.99      0.87       600
           F       0.96      1.00      0.98       600
           G       0.98      0.95      0.96       600
           H       0.87      0.99      0.92       600
           I       0.99      0.69      0.81       600
           J       0.98      0.85      0.91       600
           K       1.00      0.96      0.98       600
           L       0.98      1.00      0.99       600
           M       0.59      0.86      0.70       600
           N       0.59      0.46      0.51       600
           O       0.97      0.90      0.93       600
           P       0.90      1.00      0.95       600
           Q       1.00      0.89      0.94       600
           R       0.72      0.95      0.82       600
           S       0.85      0.72      0.78       600
           T       0.98      0.87      0.92       600
           U       0.61      0.66      0.63       600
           V       0.92      0.90      0.91       600
           W       0.80      1.00      0.89       600
           X       0.92      0.45      0.60       600
           Y       0.93      0.92      0.92       600
           Z       0.97      0.95      0.96       600
         del       0.99      0.97      0.98       600
     nothing       0.97      1.00      0.99       600
       space       1.00      0.98      0.99       600

    accuracy                           0.89     17400
   macro avg       0.90      0.89      0.89     17400
weighted avg       0.90      0.89      0.89     17400
